-185948.1 -185021.1 -184094 -183167 -182240
-181313 -180386 -179458.9 -178531.9 -177604.9
-176677.9 -175750.9 -174823.8 -173896.8 -172969.8
-172042.8 -171115.8 -170188.7 -169261.7 -168334.7
-167407.7 -166480.6 -165553.6 -164626.6 -163699.6
-162772.6 -161845.5 -160918.5 -159991.5 -159064.5
-158137.5 -157210.4 -156283.4 -155356.4 -154429.4
-153502.3 -152575.3 -151648.3 -150721.3 -149794.3
-148867.2 -147940.2 -147013.2 -146086.2 -145159.2
-144232.1 -143305.1 -142378.1 -141451.1 -140524.1
-139597 -138670 -137743 -136816 -135888.9
-134961.9 -134034.9 -133107.9 -132180.9 -131253.8
-130326.8 -129399.8 -128472.8 -127545.8 -126618.7
-125691.7 -124764.7 -123837.7 -122910.6 -121983.6
-121056.6 -120129.6 -119202.6 -118275.5 -117348.5
-116421.5 -115494.5 -114567.5 -113640.4 -112713.4
-111786.4 -110859.4 -109932.4 -109005.3 -108078.3
-107151.3 -106224.3 -105297.2 -104370.2 -103443.2
-102516.2 -101589.2 -100662.1 -99735.12 -98808.1
-97881.08 -96954.06 -96027.03 -95100.01 -94172.99
-93245.97 -92318.95 -91391.93 -90464.91 -89537.89
-88610.87 -87683.84 -86756.82 -85829.8 -84902.78
-83975.76 -83048.74 -82121.72 -81194.7 -80267.67
-79340.65 -78413.63 -77486.61 -76559.59 -75632.57
-74705.55 -73778.53 -72851.51 -71924.48 -70997.46
-70070.44 -69143.42 -68216.4 -67289.38 -66362.36
-65435.34 -64508.31 -63581.29 -62654.27 -61727.25
-60800.23 -59873.21 -58946.19 -58019.17 -57092.15
-56165.12 -55238.1 -54311.08 -53384.06 -52457.04
-51530.02 -50603 -49675.98 -48748.95 -47821.93
-46894.91 -45967.89 -45040.87 -44113.85 -43186.83
-42259.81 -41332.79 -40405.76 -39478.74 -38551.72
-37624.7 -36697.68 -35770.66 -34843.64 -33916.62
-32989.59 -32062.57 -31135.55 -30208.53 -29281.51
-28354.49 -27427.47 -26500.45 -25573.42 -24646.4
-23719.38 -22792.36 -21865.34 -20938.32 -20011.3
-19084.28 -18157.26 -17230.23 -16303.21 -15376.19
-14449.17 -13522.15 -12595.13 -11668.11 -10741.09
-9814.065 -8887.044 -7960.022 -7033.001 -6105.98
-5178.959 -4251.938 -3324.917 -2397.895 -1470.874
